%YAML:1.0
width: 1280
height: 720
CM1: !!opencv-matrix
   rows: 3
   cols: 3
   dt: d
   data: [ 1.9769966527819795e+03, 0., 6.4687590168569056e+02, 0.,
       1.9878794985922680e+03, 3.8085010270368485e+02, 0., 0., 1. ]
CM2: !!opencv-matrix
   rows: 3
   cols: 3
   dt: d
   data: [ 1.9730901067860468e+03, 0., 6.2097880220953505e+02, 0.,
       1.9844344544835726e+03, 3.0158369140160613e+02, 0., 0., 1. ]
D1: !!opencv-matrix
   rows: 1
   cols: 5
   dt: d
   data: [ -4.6990207502330922e-01, 2.0557005745559354e-02,
       3.2399675543301818e-04, 4.9338502334003789e-03,
       1.1967633054374538e+00 ]
D2: !!opencv-matrix
   rows: 1
   cols: 5
   dt: d
   data: [ -4.6336435026774975e-01, -4.7266615594370474e-02,
       -7.9336785230758986e-04, 1.6931887793222009e-03,
       1.1147137333827846e+00 ]
R: !!opencv-matrix
   rows: 3
   cols: 3
   dt: d
   data: [ 9.9663089448046038e-01, 3.1923078413920625e-03,
       8.1955288650113312e-02, -5.9065954910624378e-03,
       9.9944125823941288e-01, 3.2898076821058123e-02,
       -8.1804476019240929e-02, -3.3271316467267525e-02,
       9.9609289085092489e-01 ]
T: !!opencv-matrix
   rows: 3
   cols: 1
   dt: d
   data: [ -7.2351393938887000e+01, 3.9037324271318536e+00,
       8.8084762880290590e+00 ]
E: !!opencv-matrix
   rows: 3
   cols: 3
   dt: d
   data: [ -2.6731467939483805e-01, -8.9334369414664341e+00,
       3.5986981888502165e+00, 2.8601317315159918e+00,
       -2.3791067566636599e+00, 7.2790610362433128e+01,
       -3.4632299234532860e+00, -7.2323430109294478e+01,
       -2.7001532337905418e+00 ]
F: !!opencv-matrix
   rows: 3
   cols: 3
   dt: d
   data: [ 1.7176327505062149e-07, 5.7087622871724893e-06,
       -6.8567936914618642e-03, -1.8272741077646796e-06,
       1.5116368616242883e-06, -9.1332514605415194e-02,
       4.8351347737813008e-03, 8.7189535941814736e-02,
       9.9999999999999989e-01 ]
R1: !!opencv-matrix
   rows: 3
   cols: 3
   dt: d
   data: [ 9.9809809073014211e-01, -4.6273595923424254e-02,
       -4.0730278677666591e-02, 4.6978339421899058e-02,
       9.9875931663604112e-01, 1.6518567064640492e-02,
       3.9915371800918656e-02, -1.8400591105283453e-02,
       9.9903362372893667e-01 ]
R2: !!opencv-matrix
   rows: 3
   cols: 3
   dt: d
   data: [ 9.9124961163467784e-01, -5.3483050452194932e-02,
       -1.2068044890713753e-01, 5.1362195569283370e-02,
       9.9846721513752046e-01, -2.0619048518959217e-02,
       1.2159824135407120e-01, 1.4240211018537586e-02,
       9.9247724613199295e-01 ]
P1: !!opencv-matrix
   rows: 3
   cols: 4
   dt: d
   data: [ 1.8585315519715364e+03, 0., 7.3601754760742188e+02, 0., 0.,
       1.8585315519715364e+03, 3.4453583908081055e+02, 0., 0., 0., 1.,
       0. ]
P2: !!opencv-matrix
   rows: 3
   cols: 4
   dt: d
   data: [ 1.8585315519715364e+03, 0., 8.7696210479736328e+02,
       -1.3565437694627943e+05, 0., 1.8585315519715364e+03,
       3.4453583908081055e+02, 0., 0., 0., 1., 0. ]
Q: !!opencv-matrix
   rows: 4
   cols: 4
   dt: d
   data: [ 1., 0., 0., -7.3601754760742188e+02, 0., 1., 0.,
       -3.4453583908081055e+02, 0., 0., 0., 1.8585315519715364e+03, 0.,
       0., 1.3700490863686136e-02, 1.9310096180670804e+00 ]
VB1: [ 12, 30, 1259, 660 ]
VB2: [ 6, 49, 1274, 656 ]
RMS: 7.6724450618738338e-02
