%YAML:1.0
ThreeDimTransMat: !!opencv-matrix
   rows: 3
   cols: 4
   dt: f
   data: [ 1.56469628e-01, 6.21495815e-03, 1.00219262e+00,
       -4.68034973e+02, -9.77842033e-01, -2.28494164e-02, 2.34437421e-01,
       -2.93620850e+02, 8.29443894e-03, -9.97890055e-01, -8.53481144e-02,
       1.25529449e+02 ]
Average Error: 4.6248188018798828e+00
Anchor file: "/home/robot/output/20170815_104136.txt"
